[
    [
        [
            [184, 1272, 8.393823804908607e-07],
            [303, 1209, -0.04902780055999756],
            [372, 1090, -0.06652374565601349],
            [345, 976, -0.08577243983745575],
            [257, 920, -0.10285807400941849],
            [331, 909, -0.021605823189020157],
            [344, 766, -0.05542244762182236],
            [341, 686, -0.07892464101314545],
            [330, 609, -0.09600033611059189],
            [248, 896, -0.029653580859303474],
            [267, 741, -0.073103167116642],
            [281, 648, -0.09784474223852158],
            [283, 569, -0.10989543795585632],
            [166, 927, -0.04506717994809151],
            [176, 808, -0.12001264840364456],
            [215, 918, -0.12357591092586517],
            [234, 1003, -0.10361362993717194],
            [85, 990, -0.0641876757144928],
            [121, 920, -0.13085685670375824],
            [165, 988, -0.13131995499134064],
            [186, 1051, -0.11583833396434784]
        ],
        [
            [187, 1272, 8.692196615811554e-07],
            [305, 1213, -0.04881324991583824],
            ...
        ]
    ]
]