[
    [
        [
            [3.3018719821111714e-23],
            [2.4330654788009098e-31],
            [5.5705820027359784e+23],
            [9.777978375128271e-26],
            [1787416.875],
            [4.878264267516687e+29],
            [-1.8873792968215103e-29],
            [-1.9997528704098368e-30],
            [-1343621120.0],
            [11.287134170532227],
            [4.148734201317006e-34],
            [1.803280796450093e-21],
            [6.650480347174289e+20],
            [-0.01169985719025135],
            [-6.6570102254364685e-21],
            [4.545329570770264],
            [5.5705820027359784e+23],
            [1.0054227605576761e-35],
            [8.322486792167183e-06],
            [7234415.5],
            [5.5705820027359784e+23]
        ],
        [
            [3.665456121658835e+32],
            ...
        ]
    ]
]